{
    "id":3958795,
    "tenders":null,
    "brands":null,
    "broadcasts":[
       {
          "id":19996,
          "TVR":0.1000,
          "customTVR":0.0000,
          "GRP":0.1500,
          "CPPCalculation":636300.0000,
          "currentIndex":0
       }
    ],
    "discounts":{
       "seasonal":[
          {
             "id":33100,
             "year":2020,
             "month":4,
             "amount":12.00000000,
             "defaultAmount":12.0000
          },
          {
             "id":33101,
             "year":2020,
             "month":5,
             "amount":-3.00000000,
             "defaultAmount":-3.0000
          },
          {
             "id":33102,
             "year":2020,
             "month":6,
             "amount":0.00000000,
             "defaultAmount":0.0000
          },
          {
             "id":33103,
             "year":2020,
             "month":7,
             "amount":-21.00000000,
             "defaultAmount":-21.0000
          },
          {
             "id":33104,
             "year":2020,
             "month":8,
             "amount":-14.00000000,
             "defaultAmount":-14.0000
          },
          {
             "id":33105,
             "year":2020,
             "month":9,
             "amount":27.00000000,
             "defaultAmount":27.0000
          }
       ]
    }
 }